14
782
82
57
60
76
67
53
75
78
52
81
79
10
73
24
63
47
35
90
8
14
23
77
66
18
65
81
22
60
2
48
76
99
1
51
74
7
35
73
60
98
40
83
86
97
24
39
2
21
27
50
30
87
22
79
32
34
9
42
93
7
19
14
42
46
15
21
90
81
30
55
42
90
7
79
65
59
95
91
2
77
18
45
2
40
37
54
3
59
87
99
50
82
44
55
25
60
44
98
3
19
89
49
60
46
97
19
17
60
73
27
49
100
30
25
15
60
20
69
88
27
29
43
28
6
61
31
73
54
82
81
60
62
58
4
26
97
36
87
46
39
29
48
8
14
52
77
24
3
61
95
44
11
82
38
74
28
81
28
30
65
33
94
63
91
62
6
67
70
94
91
12
66
8
46
89
87
79
86
19
78
27
32
14
96
39
89
68
48
23
37
95
65
39
99
34
79
6
31
34
59
42
20
17
74
89
71
5
30
33
70
60
13
74
55
76
14
93
2
20
30
88
74
27
33
70
65
66
48
35
89
40
9
16
8
88
44
92
89
44
55
19
48
89
9
58
62
84
78
17
11
53
78
4
40
95
18
17
100
4
63
85
78
64
20
12
74
12
25
16
48
98
47
67
47
62
70
44
36
3
25
30
3
29
31
50
3
27
77
68
6
35
74
20
46
41
97
7
1
95
81
49
10
11
42
8
7
63
5
22
16
66
5
82
50
19
48
87
48
27
80
15
32
98
17
10
16
17
91
18
48
19
45
68
54
99
65
46
40
2
17
45
17
26
25
87
86
73
36
59
90
82
3
54
3
39
57
86
42
67
62
68
32
100
36
89
45
11
91
25
77
7
14
80
16
41
54
45
33
95
69
61
68
97
59
8
66
32
3
48
83
100
70
77
18
7
82
85
31
12
88
53
90
26
2
45
80
93
9
2
26
72
68
72
93
53
68
39
42
80
92
45
9
17
90
56
94
76
58
61
36
5
29
87
71
53
47
36
33
39
44
60
74
32
22
67
47
81
15
17
55
5
15
30
52
29
73
4
93
95
95
52
10
92
71
100
29
7
10
14
62
14
78
43
60
25
63
36
40
25
51
45
42
37
45
3
55
64
70
97
60
90
29
28
55
65
26
24
17
96
44
21
57
52
35
32
95
79
99
97
17
78
47
57
15
32
50
100
98
14
30
35
9
38
68
68
100
54
10
57
11
70
16
60
72
11
39
46
83
40
30
24
54
100
48
11
79
100
67
30
49
77
7
71
63
29
59
28
53
41
55
15
53
47
20
14
75
19
60
94
95
24
26
35
60
23
21
51
56
63
53
23
49
95
8
60
70
43
66
100
77
81
20
37
21
90
22
16
42
91
71
91
48
94
25
24
93
62
55
49
14
14
63
42
65
93
63
38
39
79
90
52
31
16
56
84
100
50
100
46
50
16
96
66
73
29
36
95
53
90
35
98
56
92
23
83
58
80
47
31
48
67
40
21
37
91
100
99
31
98
81
50
82
12
34
100
2
97
41
68
93
66
7
54
31
72
29
56
59
24
30
24
11
24
19
57
54
83
19
47
69
86
73
43
64
52
94
72
77
53
29
10
89
33
13
78
66
54
32
72
47
43
37
9
2
38
19
34
79
22
45
16
62
53
72
35
55
11
16
74
67
15
70
43
54
88
34
34
61
35
6
91
54
90
50
88
63
85
78
73
84
51
29
74
40
16
18
18
33
32
42
6
7
31
23
30
30
50
70
35
86
6
17
7
98
37
98
2
52
84
69
46
87